  -1.00000   1.00000
  -0.99000   0.98010
  -0.98000   0.96040
  -0.97000   0.94090
  -0.96000   0.92160
  -0.95000   0.90250
  -0.94000   0.88360
  -0.93000   0.86490
  -0.92000   0.84640
  -0.91000   0.82810
  -0.90000   0.81000
  -0.89000   0.79210
  -0.88000   0.77440
  -0.87000   0.75690
  -0.86000   0.73960
  -0.85000   0.72250
  -0.84000   0.70560
  -0.83000   0.68890
  -0.82000   0.67240
  -0.81000   0.65610
  -0.80000   0.64000
  -0.79000   0.62410
  -0.78000   0.60840
  -0.77000   0.59290
  -0.76000   0.57760
  -0.75000   0.56250
  -0.74000   0.54760
  -0.73000   0.53290
  -0.72000   0.51840
  -0.71000   0.50410
  -0.70000   0.49000
  -0.69000   0.47610
  -0.68000   0.46240
  -0.67000   0.44890
  -0.66000   0.43560
  -0.65000   0.42250
  -0.64000   0.40960
  -0.63000   0.39690
  -0.62000   0.38440
  -0.61000   0.37210
  -0.60000   0.36000
  -0.59000   0.34810
  -0.58000   0.33640
  -0.57000   0.32490
  -0.56000   0.31360
  -0.55000   0.30250
  -0.54000   0.29160
  -0.53000   0.28090
  -0.52000   0.27040
  -0.51000   0.26010
  -0.50000   0.25000
  -0.49000   0.24010
  -0.48000   0.23040
  -0.47000   0.22090
  -0.46000   0.21160
  -0.45000   0.20250
  -0.44000   0.19360
  -0.43000   0.18490
  -0.42000   0.17640
  -0.41000   0.16810
  -0.40000   0.16000
  -0.39000   0.15210
  -0.38000   0.14440
  -0.37000   0.13690
  -0.36000   0.12960
  -0.35000   0.12250
  -0.34000   0.11560
  -0.33000   0.10890
  -0.32000   0.10240
  -0.31000   0.09610
  -0.30000   0.09000
  -0.29000   0.08410
  -0.28000   0.07840
  -0.27000   0.07290
  -0.26000   0.06760
  -0.25000   0.06250
  -0.24000   0.05760
  -0.23000   0.05290
  -0.22000   0.04840
  -0.21000   0.04410
  -0.20000   0.04000
  -0.19000   0.03610
  -0.18000   0.03240
  -0.17000   0.02890
  -0.16000   0.02560
  -0.15000   0.02250
  -0.14000   0.01960
  -0.13000   0.01690
  -0.12000   0.01440
  -0.11000   0.01210
  -0.10000   0.01000
  -0.09000   0.00810
  -0.08000   0.00640
  -0.07000   0.00490
  -0.06000   0.00360
  -0.05000   0.00250
  -0.04000   0.00160
  -0.03000   0.00090
  -0.02000   0.00040
  -0.01000   0.00010
   0.00000   0.00000
   0.01000   0.00010
   0.02000   0.00040
   0.03000   0.00090
   0.04000   0.00160
   0.05000   0.00250
   0.06000   0.00360
   0.07000   0.00490
   0.08000   0.00640
   0.09000   0.00810
   0.10000   0.01000
   0.11000   0.01210
   0.12000   0.01440
   0.13000   0.01690
   0.14000   0.01960
   0.15000   0.02250
   0.16000   0.02560
   0.17000   0.02890
   0.18000   0.03240
   0.19000   0.03610
   0.20000   0.04000
   0.21000   0.04410
   0.22000   0.04840
   0.23000   0.05290
   0.24000   0.05760
   0.25000   0.06250
   0.26000   0.06760
   0.27000   0.07290
   0.28000   0.07840
   0.29000   0.08410
   0.30000   0.09000
   0.31000   0.09610
   0.32000   0.10240
   0.33000   0.10890
   0.34000   0.11560
   0.35000   0.12250
   0.36000   0.12960
   0.37000   0.13690
   0.38000   0.14440
   0.39000   0.15210
   0.40000   0.16000
   0.41000   0.16810
   0.42000   0.17640
   0.43000   0.18490
   0.44000   0.19360
   0.45000   0.20250
   0.46000   0.21160
   0.47000   0.22090
   0.48000   0.23040
   0.49000   0.24010
   0.50000   0.25000
   0.51000   0.26010
   0.52000   0.27040
   0.53000   0.28090
   0.54000   0.29160
   0.55000   0.30250
   0.56000   0.31360
   0.57000   0.32490
   0.58000   0.33640
   0.59000   0.34810
   0.60000   0.36000
   0.61000   0.37210
   0.62000   0.38440
   0.63000   0.39690
   0.64000   0.40960
   0.65000   0.42250
   0.66000   0.43560
   0.67000   0.44890
   0.68000   0.46240
   0.69000   0.47610
   0.70000   0.49000
   0.71000   0.50410
   0.72000   0.51840
   0.73000   0.53290
   0.74000   0.54760
   0.75000   0.56250
   0.76000   0.57760
   0.77000   0.59290
   0.78000   0.60840
   0.79000   0.62410
   0.80000   0.64000
   0.81000   0.65610
   0.82000   0.67240
   0.83000   0.68890
   0.84000   0.70560
   0.85000   0.72250
   0.86000   0.73960
   0.87000   0.75690
   0.88000   0.77440
   0.89000   0.79210
   0.90000   0.81000
   0.91000   0.82810
   0.92000   0.84640
   0.93000   0.86490
   0.94000   0.88360
   0.95000   0.90250
   0.96000   0.92160
   0.97000   0.94090
   0.98000   0.96040
   0.99000   0.98010
   1.00000   1.00000
